cnum	TNTcnum	minsteps	maxsteps	cscores	chomo	CIs	RIs	RCIs
1	0	15	424	218	203	0.0688073394495413	0.503667481662592	0.0346560193804536
2	1	15	282	156	141	0.0961538461538462	0.471910112359551	0.0453759723422645
3	2	13	392	258	245	0.0503875968992248	0.353562005277045	0.0178151398007813
4	3	15	414	272	257	0.0551470588235294	0.355889724310777	0.0196262715612561
5	4	17	375	212	195	0.080188679245283	0.455307262569832	0.0365104880362601
6	5	16	395	194	178	0.0824742268041237	0.530343007915567	0.0437396295188097
7	6	19	366	202	183	0.0940594059405941	0.472622478386167	0.0444545895511741
8	7	18	185	124	106	0.145161290322581	0.365269461077844	0.0530229862854935
9	8	17	367	209	192	0.0813397129186603	0.451428571428571	0.0367190704032809
10	9	14	342	209	195	0.0669856459330144	0.405487804878049	0.0271618625277162
11	10	13	363	233	220	0.055793991416309	0.371428571428571	0.0207234825260576
12	11	18	283	180	162	0.1	0.388679245283019	0.0388679245283019
13	12	18	255	155	137	0.116129032258065	0.421940928270042	0.0489995916700694
14	13	12	341	249	237	0.0481927710843374	0.279635258358663	0.0134763979931886
15	14	16	368	254	238	0.062992125984252	0.323863636363636	0.0204008589835361
16	15	19	313	218	199	0.0871559633027523	0.32312925170068	0.0281626412032703
17	16	16	331	174	158	0.0919540229885057	0.498412698412698	0.0458310527276045
18	17	18	386	257	239	0.0700389105058366	0.35054347826087	0.0245516833023177
19	18	18	375	247	229	0.0728744939271255	0.358543417366947	0.0261286700915184
20	19	19	337	192	173	0.0989583333333333	0.455974842767296	0.0451225104821803
21	20	18	356	230	212	0.0782608695652174	0.372781065088757	0.0291741703112941
22	21	16	288	179	163	0.0893854748603352	0.400735294117647	0.035819914558002
23	22	17	268	144	127	0.118055555555556	0.49402390438247	0.0583222664895972
24	23	18	341	222	204	0.0810810810810811	0.368421052631579	0.0298719772403983
25	24	16	361	246	230	0.0650406504065041	0.333333333333333	0.021680216802168
26	25	18	251	182	164	0.0989010989010989	0.296137339055794	0.0292883082582653
27	26	19	335	171	152	0.111111111111111	0.518987341772152	0.0576652601969058
28	27	16	393	277	261	0.0577617328519856	0.307692307692308	0.017772840877534
29	28	18	413	260	242	0.0692307692307692	0.387341772151899	0.0268159688412853
30	29	18	417	243	225	0.0740740740740741	0.43609022556391	0.0323029796714007
31	30	19	383	253	234	0.075098814229249	0.357142857142857	0.0268210050818746
32	31	18	382	227	209	0.079295154185022	0.425824175824176	0.0337657936776879
33	32	18	142	100	82	0.18	0.338709677419355	0.0609677419354839
34	33	17	362	199	182	0.085427135678392	0.472463768115942	0.0403612264219649
35	34	17	357	224	207	0.0758928571428571	0.391176470588235	0.0296875
36	35	19	360	180	161	0.105555555555556	0.527859237536657	0.0557184750733138
37	36	17	329	215	198	0.0790697674418605	0.365384615384615	0.0288908765652952
38	37	19	370	211	192	0.0900473933649289	0.452991452991453	0.0407906995584721
39	38	18	275	165	147	0.109090909090909	0.428015564202335	0.046692607003891
40	39	19	255	188	169	0.101063829787234	0.283898305084746	0.028691849981969
41	40	16	405	257	241	0.0622568093385214	0.380462724935733	0.0236863953267382
42	41	18	396	228	210	0.0789473684210526	0.444444444444444	0.0350877192982456
43	42	19	372	226	207	0.084070796460177	0.413597733711048	0.034771490887212
44	43	17	351	208	191	0.0817307692307692	0.42814371257485	0.0349925149700599
45	44	14	323	179	165	0.0782122905027933	0.466019417475728	0.0364484460595542
46	45	16	347	216	200	0.0740740740740741	0.395770392749245	0.0293163253888329
47	46	18	416	238	220	0.0756302521008403	0.447236180904523	0.0338245851104261
48	47	18	388	218	200	0.0825688073394495	0.459459459459459	0.0379370195883957
49	48	16	425	245	229	0.0653061224489796	0.440097799511002	0.028741080784392
50	49	19	404	249	230	0.0763052208835341	0.402597402597403	0.0307202837323319
51	50	17	279	169	152	0.100591715976331	0.419847328244275	0.0422331631961697
52	51	17	325	208	191	0.0817307692307692	0.37987012987013	0.0310470779220779
53	52	16	415	275	259	0.0581818181818182	0.350877192982456	0.020414673046252
54	53	18	403	219	201	0.0821917808219178	0.477922077922078	0.039281266678527
55	54	19	330	175	156	0.108571428571429	0.498392282958199	0.0541111621497474
56	55	17	453	266	249	0.0639097744360902	0.428899082568807	0.0274108436228185
57	56	15	471	252	237	0.0595238095238095	0.480263157894737	0.0285870927318296
58	57	11	201	123	112	0.0894308943089431	0.410526315789474	0.0367137355584082
59	58	17	375	220	203	0.0772727272727273	0.432960893854749	0.0334560690705942
60	59	17	329	211	194	0.0805687203791469	0.378205128205128	0.0304715032203184
61	60	11	380	199	188	0.0552763819095477	0.490514905149051	0.0271138892293446
62	61	10	324	159	149	0.0628930817610063	0.525477707006369	0.0330489123903377
63	62	17	408	189	172	0.0899470899470899	0.560102301790281	0.0503795721187026
64	63	13	456	219	206	0.0593607305936073	0.534988713318284	0.0317573208819073
65	64	12	248	141	129	0.0851063829787234	0.453389830508475	0.0385863685539127
66	65	5	52	26	21	0.192307692307692	0.553191489361702	0.106382978723404
67	66	11	401	112	101	0.0982142857142857	0.741025641025641	0.072779304029304
68	67	10	352	175	165	0.0571428571428571	0.517543859649123	0.0295739348370927
69	68	0	0	0	0	NA	NA	NA
70	69	4	159	51	47	0.0784313725490196	0.696774193548387	0.0546489563567362
71	70	9	298	108	99	0.0833333333333333	0.657439446366782	0.0547866205305652
72	71	5	54	9	4	0.555555555555556	0.918367346938776	0.510204081632653
73	72	4	78	17	13	0.235294117647059	0.824324324324324	0.1939586645469
74	73	7	129	68	61	0.102941176470588	0.5	0.0514705882352941
75	74	18	429	229	211	0.0786026200873362	0.48661800486618	0.0382494501641539
76	75	5	28	17	12	0.294117647058824	0.478260869565217	0.140664961636829
77	76	5	369	100	95	0.05	0.739010989010989	0.0369505494505495
78	77	11	306	126	115	0.0873015873015873	0.610169491525424	0.0532687651331719
79	78	17	501	286	269	0.0594405594405594	0.444214876033058	0.0264043807432237
80	79	9	354	147	138	0.0612244897959184	0.6	0.036734693877551
81	80	5	185	45	40	0.111111111111111	0.777777777777778	0.0864197530864197
82	81	18	477	272	254	0.0661764705882353	0.446623093681917	0.0295559400230681
83	82	15	452	266	251	0.056390977443609	0.425629290617849	0.0240016517265704
84	83	13	351	156	143	0.0833333333333333	0.576923076923077	0.0480769230769231
85	84	14	393	222	208	0.0630630630630631	0.451187335092348	0.0284532553661841
86	85	17	497	310	293	0.0548387096774194	0.389583333333333	0.021364247311828
87	86	17	342	224	207	0.0758928571428571	0.363076923076923	0.0275549450549451
88	87	16	214	146	130	0.10958904109589	0.343434343434343	0.0376366403763664
89	88	17	353	199	182	0.085427135678392	0.458333333333333	0.0391541038525963
90	89	14	336	174	160	0.0804597701149425	0.503105590062112	0.04047976011994
91	90	15	413	201	186	0.0746268656716418	0.532663316582915	0.0397509937748444
92	91	16	401	193	177	0.0829015544041451	0.54025974025974	0.0447883722495121
93	92	16	402	244	228	0.0655737704918033	0.409326424870466	0.0268410770406863
94	93	15	456	265	250	0.0566037735849057	0.433106575963719	0.0245154665639841
95	94	8	364	140	132	0.0571428571428571	0.629213483146067	0.0359550561797753
96	95	11	288	93	82	0.118279569892473	0.703971119133574	0.0832654011878421
97	96	16	431	228	212	0.0701754385964912	0.489156626506024	0.0343267808074403
98	97	16	184	97	81	0.164948453608247	0.517857142857143	0.085419734904271
99	98	5	189	86	81	0.0581395348837209	0.559782608695652	0.0325455005055612
100	99	13	341	136	123	0.0955882352941176	0.625	0.0597426470588235
101	100	17	342	168	151	0.101190476190476	0.535384615384615	0.0541758241758242
102	101	6	24	19	13	0.315789473684211	0.277777777777778	0.087719298245614
103	102	5	124	56	51	0.0892857142857143	0.571428571428571	0.0510204081632653
104	103	16	387	197	181	0.0812182741116751	0.512129380053908	0.0415942643698606
105	104	11	355	114	103	0.0964912280701754	0.700581395348837	0.0675999592003264
106	105	5	34	23	18	0.217391304347826	0.379310344827586	0.0824587706146926
107	106	13	294	126	113	0.103174603174603	0.597864768683274	0.0616844602609727
108	107	13	460	213	200	0.0610328638497653	0.552572706935123	0.0337250947894676
109	108	2	25	15	13	0.133333333333333	0.434782608695652	0.0579710144927536
110	109	6	189	70	64	0.0857142857142857	0.650273224043716	0.0557377049180328
111	110	10	446	252	242	0.0396825396825397	0.444954128440367	0.0176569098587447
112	111	11	335	176	165	0.0625	0.490740740740741	0.0306712962962963
113	112	9	107	63	54	0.142857142857143	0.448979591836735	0.0641399416909621
114	113	14	239	86	72	0.162790697674419	0.68	0.110697674418605
115	114	15	251	120	105	0.125	0.555084745762712	0.069385593220339
116	115	15	322	185	170	0.0810810810810811	0.446254071661238	0.0361827625671274
117	116	15	401	207	192	0.072463768115942	0.50259067357513	0.0364196140271833
118	117	17	437	226	209	0.0752212389380531	0.502380952380952	0.0377897176569743
119	118	18	306	186	168	0.0967741935483871	0.416666666666667	0.0403225806451613
120	119	18	451	237	219	0.0759493670886076	0.494226327944573	0.0375361768059169
121	120	12	284	149	137	0.0805369127516778	0.496323529411765	0.0399723647848401
122	121	16	490	265	249	0.060377358490566	0.474683544303797	0.0286601385240029
123	122	18	451	269	251	0.0669144981412639	0.420323325635104	0.02812572439194
124	123	18	371	240	222	0.075	0.371104815864023	0.0278328611898017
125	124	17	445	251	234	0.0677290836653386	0.453271028037383	0.030699631381018
126	125	16	455	270	254	0.0592592592592593	0.421412300683371	0.0249725807812368
127	126	17	473	307	290	0.0553745928338762	0.364035087719298	0.0201582947597006
128	127	19	425	224	205	0.0848214285714286	0.495073891625616	0.0419928747361013
129	128	16	482	305	289	0.0524590163934426	0.379828326180258	0.019925420389784
130	129	15	374	218	203	0.0688073394495413	0.434540389972145	0.0298995681173494
131	130	18	382	204	186	0.0882352941176471	0.489010989010989	0.0431480284421461
132	131	19	473	266	247	0.0714285714285714	0.455947136563877	0.0325676526117055
133	132	16	441	226	210	0.0707964601769911	0.505882352941176	0.0358146798542426
134	133	15	403	228	213	0.0657894736842105	0.451030927835052	0.0296730873575692
135	134	18	330	216	198	0.0833333333333333	0.365384615384615	0.0304487179487179
136	135	17	382	190	173	0.0894736842105263	0.526027397260274	0.0470656092285508
137	136	18	348	192	174	0.09375	0.472727272727273	0.0443181818181818
138	137	17	454	246	229	0.0691056910569106	0.475972540045767	0.0328924113039757
139	138	19	471	261	242	0.0727969348659004	0.464601769911504	0.0338215847828298
140	139	15	121	69	54	0.217391304347826	0.490566037735849	0.106644790812141
141	140	15	255	162	147	0.0925925925925926	0.3875	0.0358796296296296
