    2     3    0.31723    0.31723
    1     2    0.61958    0.30234
   14    15    0.05435    0.05435
   19    20    0.26343    0.26343
   18    19    0.33425    0.07081
  533   534    0.37860    0.37860
  533   536    0.00361    0.38222
   18   533    0.07523    0.02726
   14    18    0.36005    0.00492
   16    17    0.29063    0.29063
   14    16    0.01672    0.14049
   14    71    0.01755    0.44867
   14    72    0.00535    0.45402
   52    53    0.34831    0.34831
   54    55    0.28750    0.28750
   52    54    0.00640    0.06721
   51    52    0.42876    0.07405
   14    51    0.02577    0.05103
    9    14    0.48800    0.00820
   11    12    0.08131    0.08131
  539   540    0.00000    0.00000
   11   539    0.29820    0.37951
    9    11    0.02269    0.13118
  537   538    0.00320    0.00320
  535   537    0.21576    0.21256
   32   535    0.29780    0.08204
   31    32    0.44057    0.14277
   31    41    0.00688    0.44746
   31    39    0.00533    0.45278
   31    37    0.01363    0.46642
   33    34    0.33957    0.33957
   31    33    0.00194    0.12879
   31    40    0.01764    0.48600
   31    38    0.01575    0.50175
   62    63    0.45913    0.45913
   61    62    0.46061    0.00148
   60    61    0.48334    0.02273
   35    60    0.49692    0.01358
   31    35    0.00700    0.01184
    9    31    0.00632    0.00824
    9    57    0.00722    0.52422
    9    58    0.00393    0.52816
    9    13    0.00783    0.53599
   28    29    0.00000    0.00000
   28    30    0.39001    0.39001
   27    28    0.49769    0.10768
   27    36    0.01020    0.50789
    9    27    0.00944    0.03753
    9    59    0.00545    0.55088
   69    70    0.04003    0.04003
   68    69    0.50492    0.46490
    9    68    0.00906    0.05501
   48    49    0.27096    0.27096
   47    48    0.32015    0.04919
   46    47    0.44264    0.12250
   45    46    0.48127    0.03863
    9    45    0.01350    0.09216
    9    56    0.00389    0.57733
    9    64    0.00576    0.58309
    9   541    0.01335    0.59644
    5     9    0.60315    0.00672
   66    67    0.00000    0.00000
    5    66    0.00478    0.60793
    5   542    0.01235    0.62028
    5    65    0.00335    0.62364
    5    50    0.00844    0.63208
    6     7    0.31438    0.31438
    5     6    0.00826    0.32596
   22    23    0.38967    0.38967
   25    26    0.16377    0.16377
   22    25    0.21006    0.43596
    5    22    0.00706    0.04767
    5    24    0.00596    0.65336
    5     8    0.00679    0.66015
    5    10    0.01172    0.67187
    4     5    0.69190    0.02003
   43    44    0.02254    0.02254
   42    43    0.52985    0.50731
    4    42    0.01034    0.17239
    4   130    0.01828    0.72052
    1     4    0.11041    0.00947
    1    21    0.04207    0.77205
   75    76    0.00121    0.00121
   74    75    0.40567    0.40446
   73    74    0.42114    0.01547
   77    78    0.27158    0.27158
  584   587    0.00828    0.00828
   85   584    0.54798    0.53970
   77    85    0.28394    0.00754
   83    84    0.06845    0.06845
   82    83    0.07930    0.01085
   81    82    0.37527    0.29597
   80    81    0.44198    0.06671
   89    90    0.28243    0.28243
   88    89    0.29132    0.00890
   93    94    0.32701    0.32701
   92    93    0.37094    0.04393
   91    92    0.42336    0.05242
   88    91    0.15376    0.02172
   80    88    0.02566    0.02256
   87   531    0.43894    0.43894
  107   108    0.00472    0.00472
  110   111    0.00337    0.00337
  109   110    0.08081    0.07744
  107   109    0.13802    0.06194
  115   116    0.11016    0.11016
  114   115    0.15322    0.04306
  113   114    0.18905    0.03583
  112   113    0.36830    0.17925
  107   112    0.26932    0.04376
   87   107    0.00468    0.03156
  105   106    0.28994    0.28994
  104   105    0.38601    0.09607
  103   104    0.40450    0.01849
   87   103    0.03859    0.07770
   80    87    0.02725    0.01269
   79    80    0.50364    0.00875
   98   532    0.14894    0.14894
   99   100    0.17184    0.17184
   98    99    0.22976    0.20685
   96    98    0.45647    0.07778
   96    97    0.02049    0.47696
   79    96    0.01472    0.04140
  101   102    0.33147    0.33147
   79   101    0.02521    0.21210
   79    86    0.01105    0.55463
   77    79    0.02041    0.02130
   73    77    0.17353    0.01875
   73    95    0.01528    0.60996
    1    73    0.02572    0.18781
  139   142    0.69954    0.69954
  140   581    0.48037    0.48037
  140   141    0.03612    0.51649
  139   140    0.01900    0.20206
  139   143    0.00966    0.72821
  138   139    0.73556    0.00734
  137   138    0.75294    0.01739
  177   178    0.08274    0.08274
  176   177    0.08923    0.00649
  175   176    0.09440    0.00517
  174   175    0.29618    0.20178
  174   467    0.22499    0.52117
  180   181    0.43868    0.43868
  182   183    0.24830    0.24830
  180   182    0.00194    0.19232
  179   180    0.49169    0.05107
  174   179    0.02668    0.05616
  184   185    0.30984    0.30984
  187   188    0.22799    0.22799
  189   190    0.25092    0.25092
  191   192    0.00068    0.00068
  194   195    0.00000    0.00000
  193   194    0.17961    0.17961
  191   193    0.29327    0.11434
  196   197    0.43939    0.43939
  191   196    0.17983    0.03439
  189   191    0.22345    0.00058
  187   189    0.25781    0.01144
  187   566    0.00879    0.49459
  186   187    0.54435    0.04976
  184   186    0.29289    0.05839
  199   200    0.44538    0.44538
  202   203    0.33046    0.33046
  205   555    0.22988    0.22988
  207   208    0.30041    0.30041
  206   207    0.31867    0.01826
  210   211    0.32773    0.32773
  209   210    0.33574    0.00801
  206   209    0.10126    0.08419
  205   206    0.22948    0.03943
  202   205    0.14869    0.01978
  202   204    0.03054    0.50968
  201   202    0.54125    0.03157
  212   213    0.07474    0.07474
  217   218    0.23838    0.23838
  216   217    0.25999    0.02162
  215   216    0.32360    0.06361
  548   549    0.00000    0.00000
  548   550    0.27139    0.27139
  219   548    0.33263    0.06124
  220   221    0.00000    0.00000
  223   224    0.00000    0.00000
  222   223    0.02621    0.02621
  220   222    0.07510    0.04889
  225   226    0.12779    0.12779
  220   225    0.20193    0.14925
  219   220    0.08523    0.14083
  215   219    0.12944    0.03518
  212   215    0.42498    0.04668
  212   214    0.01541    0.51513
  201   212    0.00558    0.03170
  229   230    0.27885    0.27885
  228   229    0.28143    0.00258
  227   228    0.32246    0.04103
  233   561    0.48870    0.48870
  238   547    0.00000    0.00000
  237   238    0.07548    0.07548
  237   239    0.05338    0.12886
  236   237    0.37323    0.24437
  235   236    0.47637    0.10315
  234   235    0.48462    0.00825
  233   234    0.00603    0.01011
  245   246    0.42025    0.42025
  244   245    0.48232    0.06206
  233   244    0.00762    0.02003
  232   233    0.52958    0.02723
  227   232    0.22123    0.01410
  227   231    0.00856    0.55225
  201   227    0.01457    0.00916
  199   201    0.12105    0.00503
  241   242    0.00000    0.00000
  241   243    0.40435    0.40435
  240   241    0.51786    0.11350
  199   240    0.00762    0.05620
  199   248    0.01529    0.58934
  198   199    0.60422    0.01488
  315   316    0.13105    0.13105
  314   315    0.18425    0.05321
  198   314    0.01356    0.43353
  184   198    0.02676    0.01171
  247   291    0.51442    0.51442
  247   293    0.02005    0.53447
  299   300    0.14917    0.14917
  301   558    0.00000    0.00000
  302   554    0.00000    0.00000
  301   302    0.13093    0.13093
  299   301    0.01122    0.02947
  298   299    0.18269    0.02229
  247   298    0.01059    0.36238
  247   295    0.01411    0.55917
  247   292    0.00540    0.56458
  296   297    0.57538    0.57538
  247   296    0.01347    0.00267
  289   290    0.32630    0.32630
  247   289    0.00602    0.25777
  285   562    0.00000    0.00000
  284   285    0.18906    0.18906
  283   284    0.21285    0.02379
  282   283    0.54778    0.33493
  247   282    0.01706    0.05335
  247   519    0.00804    0.60917
  247   294    0.00064    0.60981
  247   313    0.01328    0.62309
  267   546    0.00000    0.00000
  266   267    0.19707    0.19707
  265   266    0.52732    0.33025
  268   269    0.11372    0.11372
  270   271    0.33310    0.33310
  272   273    0.24880    0.24880
  270   272    0.00747    0.09177
  270   274    0.19279    0.53336
  278   559    0.00000    0.00000
  277   278    0.07047    0.07047
  276   277    0.09194    0.02147
  275   276    0.32270    0.23076
  270   275    0.00274    0.21339
  268   270    0.42822    0.00585
  265   268    0.04104    0.02641
  247   265    0.01012    0.06485
  351   352    0.29826    0.29826
  353   354    0.34233    0.34233
  356   357    0.45741    0.45741
  355   356    0.55535    0.09793
  353   355    0.22440    0.01138
  351   353    0.28670    0.01823
  247   351    0.00546    0.05371
  184   247    0.01546    0.00628
  252   253    0.19005    0.19005
  252   560    0.24109    0.43114
  251   252    0.45494    0.02380
  184   251    0.00453    0.19454
  255   256    0.43567    0.43567
  261   262    0.37517    0.37517
  261   569    0.01566    0.39083
  255   261    0.11462    0.15946
  254   255    0.56581    0.01552
  258   259    0.55143    0.55143
  254   258    0.00808    0.02246
  263   264    0.39325    0.39325
  254   263    0.01847    0.19910
  254   260    0.01011    0.60246
  254   257    0.04344    0.64590
  184   254    0.00336    0.00694
  319   320    0.33618    0.33618
  319   366    0.11550    0.45168
  323   324    0.05191    0.05191
  326   327    0.26950    0.26950
  326   328    0.05051    0.32001
  325   326    0.33741    0.01740
  323   325    0.34524    0.05973
  323   452    0.04489    0.44203
  321   323    0.46020    0.01816
  321   322    0.00337    0.46357
  319   321    0.02765    0.01576
  453   454    0.34259    0.34259
  319   453    0.00660    0.14334
  184   319    0.00673    0.17364
  184   287    0.00532    0.66489
  526   589    0.51071    0.51071
  526   527    0.03812    0.54882
  359   526    0.57920    0.03038
  524   525    0.50162    0.50162
  359   524    0.01189    0.08946
  528   530    0.27478    0.27478
  528   529    0.00253    0.27731
  360   528    0.59047    0.31316
  359   360    0.00367    0.00428
  358   359    0.63057    0.03582
  373   516    0.32736    0.32736
  373   374    0.17149    0.49886
  373   517    0.02185    0.52070
  373   518    0.00560    0.52631
  522   523    0.38285    0.38285
  521   522    0.49738    0.11453
  386   521    0.59585    0.09847
  389   390    0.47443    0.47443
  386   389    0.01920    0.14063
  543   544    0.00731    0.00731
  543   545    0.27055    0.27786
  394   543    0.38701    0.10915
  397   398    0.29923    0.29923
  396   397    0.31588    0.01665
  395   396    0.41154    0.09566
  394   395    0.12225    0.09772
  400   401    0.03240    0.03240
  399   400    0.55976    0.52736
  394   399    0.06507    0.01457
  404   405    0.30807    0.30807
  404   406    0.00368    0.31175
  403   404    0.36063    0.04888
  402   403    0.57090    0.21027
  394   402    0.00619    0.00961
  392   394    0.61425    0.03374
  386   392    0.00399    0.00479
  386   393    0.00547    0.62451
  373   386    0.11132    0.01311
  379   380    0.35833    0.35833
  378   379    0.38204    0.02371
  378   515    0.14159    0.52363
  378   514    0.04235    0.56598
  373   378    0.00456    0.07621
  382   383    0.25644    0.25644
  373   382    0.00609    0.39183
  358   373    0.02207    0.00437
  358   391    0.00499    0.65763
  358   377    0.01460    0.67224
  384   511    0.63627    0.63627
  358   384    0.00525    0.04121
  184   358    0.01769    0.00509
  371   372    0.32117    0.32117
  184   371    0.00321    0.36462
  329   330    0.00000    0.00000
  332   333    0.30434    0.30434
  332   334    0.01751    0.32185
  331   332    0.35537    0.03352
  329   331    0.50904    0.15367
  337   338    0.28353    0.28353
  336   337    0.30499    0.02146
  335   336    0.53078    0.22579
  329   335    0.04096    0.01921
  184   329    0.00214    0.13793
  340   582    0.50469    0.50469
  341   342    0.37397    0.37397
  345   346    0.31956    0.31956
  344   345    0.34646    0.02689
  343   344    0.41319    0.06673
  341   343    0.18192    0.14271
  340   341    0.08289    0.03169
  340   385    0.01884    0.60642
  339   340    0.63900    0.03258
  184   339    0.00141    0.05033
  184   483    0.00173    0.69107
  491   492    0.43758    0.43758
  348   491    0.67157    0.23399
  489   490    0.13032    0.13032
  348   489    0.00331    0.54456
  349   350    0.38225    0.38225
  349   411    0.18565    0.56790
  349   485    0.09182    0.65972
  412   413    0.36655    0.36655
  414   415    0.57362    0.57362
  414   571    0.01230    0.58592
  567   568    0.00473    0.00473
  564   567    0.37584    0.37110
  414   564    0.01272    0.22280
  412   414    0.25383    0.02174
  349   412    0.00889    0.04824
  348   349    0.00639    0.01266
  347   348    0.68770    0.00643
  184   347    0.00606    0.00943
  368   369    0.30582    0.30582
  368   370    0.00224    0.30806
  367   368    0.44809    0.14004
  184   367    0.00295    0.25198
  428   429    0.30283    0.30283
  427   428    0.38145    0.07862
  430   431    0.61722    0.61722
  512   588    0.41289    0.41289
  430   512    0.04595    0.25029
  427   430    0.30188    0.02015
  184   427    0.00396    0.02071
  184   513    0.00739    0.71142
  184   381    0.00774    0.71916
  184   288    0.00645    0.72561
  362   363    0.36099    0.36099
  364   365    0.42637    0.42637
  362   364    0.08639    0.02101
  361   362    0.51465    0.06727
  361   493    0.10161    0.61626
  361   494    0.02535    0.64161
  361   459    0.01657    0.65818
  375   503    0.38243    0.38243
  375   502    0.07419    0.45661
  375   501    0.08564    0.54225
  375   376    0.03428    0.57654
  498   499    0.48697    0.48697
  375   498    0.08531    0.17488
  375   500    0.00379    0.66564
  361   375    0.04092    0.03347
  495   586    0.49173    0.49173
  496   497    0.60543    0.60543
  495   496    0.12408    0.01038
  495   505    0.09173    0.70754
  504   583    0.68317    0.68317
  495   504    0.00281    0.02717
  361   495    0.01837    0.00714
  184   361    0.00387    0.01200
  387   388    0.32430    0.32430
  184   387    0.00156    0.40675
  473   570    0.00000    0.00000
  472   473    0.19935    0.19935
  471   472    0.28996    0.09061
  470   471    0.51555    0.22559
  469   470    0.58783    0.07227
  480   563    0.00000    0.00000
  481   482    0.11947    0.11947
  480   481    0.13205    0.01258
  479   480    0.31728    0.18523
  478   479    0.50379    0.18651
  477   478    0.52971    0.02592
  469   477    0.00950    0.06761
  474   475    0.43626    0.43626
  469   474    0.00379    0.16485
  551   552    0.00000    0.00000
  551   553    0.23834    0.23834
  556   557    0.00097    0.00097
  551   556    0.17836    0.41573
  469   551    0.01913    0.20354
  468   469    0.64589    0.02565
  468   476    0.01828    0.66418
  425   468    0.68300    0.01883
  425   432    0.00842    0.69142
  487   488    0.43891    0.43891
  486   487    0.66530    0.22639
  425   486    0.03335    0.05948
  441   574    0.70099    0.70099
  440   441    0.70340    0.00241
  440   565    0.00364    0.70704
  576   577    0.00000    0.00000
  575   576    0.30838    0.30838
  443   575    0.52941    0.22103
  444   445    0.34453    0.34453
  443   444    0.03659    0.22147
  443   580    0.01893    0.58493
  442   443    0.59867    0.01374
  440   442    0.01759    0.12596
  425   440    0.00584    0.00599
  184   425    0.00551    0.00594
  174   184    0.18997    0.00126
  436   437    0.73156    0.73156
  174   436    0.00467    0.01093
  439   510    0.58399    0.58399
  174   439    0.00032    0.15882
  409   410    0.63290    0.63290
  174   409    0.01324    0.12314
  572   573    0.01098    0.01098
  174   572    0.00170    0.74677
  280   281    0.06721    0.06721
  279   280    0.63669    0.56947
  279   520    0.12260    0.75929
  174   279    0.00663    0.00509
  249   458    0.39054    0.39054
  249   457    0.04586    0.43640
  250   456    0.49562    0.49562
  250   455    0.02315    0.51877
  249   250    0.10428    0.02192
  249   286    0.20166    0.74235
  304   305    0.21143    0.21143
  303   304    0.26616    0.05473
  309   585    0.47092    0.47092
  309   310    0.06810    0.53903
  308   309    0.58878    0.04975
  307   308    0.60455    0.01577
  306   307    0.64368    0.03913
  303   306    0.39033    0.01282
  448   449    0.02033    0.02033
  450   451    0.13890    0.13890
  448   450    0.16638    0.04781
  312   448    0.63652    0.44982
  303   312    0.04979    0.06976
  463   464    0.59393    0.59393
  465   466    0.64499    0.64499
  463   465    0.08148    0.03042
  303   463    0.00993    0.04080
  317   318    0.68508    0.68508
  303   317    0.01705    0.04819
  311   447    0.72739    0.72739
  303   311    0.01013    0.01599
  249   303    0.02019    0.01915
  174   249    0.00231    0.00416
  174   462    0.00259    0.76929
  460   461    0.76565    0.76565
  174   460    0.00266    0.00630
  508   509    0.42662    0.42662
  507   508    0.50974    0.08312
  506   507    0.60225    0.09251
  174   506    0.00885    0.17855
  578   579    0.01083    0.01083
  174   578    0.00367    0.77364
  174   446    0.00150    0.78598
  174   416    0.00311    0.78908
  174   438    0.00318    0.79227
  433   434    0.43514    0.43514
  174   433    0.00357    0.36070
  423   424    0.36614    0.36614
  422   423    0.39019    0.02405
  421   422    0.56277    0.17258
  420   421    0.60132    0.03855
  419   420    0.69197    0.09065
  418   419    0.79692    0.10496
  174   418    0.00392    0.00284
  174   426    0.00813    0.80789
  435   484    0.27785    0.27785
  174   435    0.00521    0.53525
  174   417    0.00427    0.81737
  174   408    0.01140    0.82877
  174   407    0.00516    0.83393
  137   174    0.09890    0.01792
  137   154    0.00475    0.85660
  159   160    0.55511    0.55511
  158   159    0.58797    0.03285
  157   158    0.69477    0.10681
  137   157    0.00494    0.16677
  137   165    0.00486    0.86640
  146   147    0.73009    0.73009
  150   151    0.71694    0.71694
  146   150    0.04500    0.05814
  146   149    0.01275    0.78783
  145   146    0.80020    0.01237
  172   173    0.41929    0.41929
  171   172    0.51457    0.09528
  170   171    0.74056    0.22599
  169   170    0.76503    0.02448
  145   169    0.03255    0.06771
  144   145    0.84563    0.01288
  144   148    0.01191    0.85754
  137   144    0.00248    0.01134
    1   137    0.07481    0.00369
    1   155    0.01315    0.88573
  134   135    0.50703    0.50703
    1   134    0.00353    0.38223
  118   119    0.84731    0.84731
  118   131    0.02383    0.87113
  133   168    0.86940    0.86940
  118   133    0.00220    0.00394
  118   132    0.00132    0.87466
  163   164    0.08646    0.08646
  118   163    0.00414    0.79233
  118   167    0.00593    0.88472
  117   118    0.89023    0.00551
  123   124    0.45331    0.45331
  125   126    0.50224    0.50224
  123   125    0.15729    0.10836
  122   123    0.65851    0.04791
  121   122    0.76707    0.10856
  120   121    0.85236    0.08529
  117   120    0.00041    0.03828
    1   117    0.00265    0.00126
    1   129    0.00524    0.89714
    1   161    0.00404    0.90119
    1   166    0.00276    0.90394
    1   136    0.00541    0.90935
    1   128    0.00232    0.91167
    1   156    0.00663    0.91830
    1   153    0.00258    0.92089
    1   127    0.00602    0.92690
    1   162    0.00288    0.92979
    1   152    0.00183    0.93162
