x
-78.8540802602509
0
0
0
0.0197850266358677
0.0197850266358677
1
1
-77.3537209758852
0
0
0
0.0179765132214424
0.0421527093604566
1
1
-847.012979362271
0.0239959143917679
0.138625959777543
0
NA
NA
NA
NA
-747.561765418374
0.0131159453657376
0.0289553271909623
0.0556180193673934
NA
NA
NA
NA
-919.712410865618
0.0481467836118024
0.141619571756139
0
0.0193973888680513
0.0193973888680513
0.393517966702341
1
-815.778216168282
0.0313349048023232
0.0286380654139706
0.163392035104891
0.0193316764127891
0.0193316764127891
0.303428163570857
1
